BEST RandomForest EVALUATION
Best Params: {'max_depth': 20, 'min_samples_split': 2, 'n_estimators': 200}

Accuracy: 0.9354

Classification Report:
              precision    recall  f1-score   support

         bek       0.94      0.90      0.92        50
         ben       0.93      0.91      0.92        44
         bug       0.82      0.90      0.86        41
         cal       0.91      0.85      0.88        46
         dur       0.98      1.00      0.99        48
          ev       1.00      0.96      0.98        47
         evt       0.95      0.95      0.95        43
         git       0.94      0.77      0.85        43
         han       0.89      0.95      0.92        44
        hast       1.00      0.96      0.98        50
         hyr       0.97      0.93      0.95        42
         ist       1.00      0.98      0.99        42
     merhaba       0.90      0.98      0.93        44
          ne       0.91      0.93      0.92        44
           o       0.86      0.86      0.86        42
         oto       0.98      0.93      0.95        45
         sen       0.87      0.95      0.91        41
         tsk       0.91      0.96      0.94        55
         yar       0.98      0.95      0.96        43
         yrd       0.94      1.00      0.97        50
        rest       0.98      1.00      0.99        40

    accuracy                           0.94       944
   macro avg       0.94      0.93      0.93       944
weighted avg       0.94      0.94      0.94       944

Confusion Matrix:
[[45  0  0  0  0  0  1  1  0  0  0  0  0  0  0  0  3  0  0  0  0]
 [ 0 40  2  0  0  0  0  0  0  0  0  0  1  0  0  1  0  0  0  0  0]
 [ 0  0 37  1  0  0  0  0  0  0  1  0  0  0  1  0  0  1  0  0  0]
 [ 0  0  0 39  0  0  0  0  4  0  0  0  0  3  0  0  0  0  0  0  0]
 [ 0  0  0  0 48  0  0  0  0  0  0  0  0  0  0  0  0  0  0  0  0]
 [ 0  0  0  0  0 45  0  0  0  0  0  0  0  0  0  0  0  0  0  2  0]
 [ 1  0  0  0  0  0 41  1  0  0  0  0  0  0  0  0  0  0  0  0  0]
 [ 0  0  2  0  0  0  0 33  0  0  0  0  2  0  3  0  2  1  0  0  0]
 [ 0  0  0  1  1  0  0  0 42  0  0  0  0  0  0  0  0  0  0  0  0]
 [ 0  0  0  1  0  0  0  0  0 48  0  0  0  1  0  0  0  0  0  0  0]
 [ 0  0  0  0  0  0  1  0  0  0 39  0  0  0  1  0  1  0  0  0  0]
 [ 0  0  0  0  0  0  0  0  0  0  0 41  0  0  0  0  0  1  0  0  0]
 [ 0  1  0  0  0  0  0  0  0  0  0  0 43  0  0  0  0  0  0  0  0]
 [ 0  0  0  1  0  0  0  0  1  0  0  0  0 41  0  0  0  0  0  1  0]
 [ 1  0  4  0  0  0  0  0  0  0  0  0  0  0 36  0  0  0  1  0  0]
 [ 0  1  0  0  0  0  0  0  0  0  0  0  0  0  1 42  0  1  0  0  0]
 [ 0  0  0  0  0  0  0  0  0  0  0  0  1  0  0  0 39  0  0  0  1]
 [ 1  0  0  0  0  0  0  0  0  0  0  0  1  0  0  0  0 53  0  0  0]
 [ 0  1  0  0  0  0  0  0  0  0  0  0  0  0  0  0  0  1 41  0  0]
 [ 0  0  0  0  0  0  0  0  0  0  0  0  0  0  0  0  0  0  0 50  0]
 [ 0  0  0  0  0  0  0  0  0  0  0  0  0  0  0  0  0  0  0  0 40]]