BEST SVM EVALUATION
Best Params: {'C': 10, 'gamma': 'auto', 'kernel': 'rbf'}

Accuracy: 0.8951

Classification Report:
              precision    recall  f1-score   support

         bek       0.82      0.80      0.81        50
         ben       0.91      0.89      0.90        44
         bug       0.85      0.85      0.85        41
         cal       0.83      0.93      0.88        46
         dur       0.98      1.00      0.99        48
          ev       0.98      0.98      0.98        47
         evt       0.95      0.93      0.94        43
         git       0.92      0.79      0.85        43
         han       0.91      0.89      0.90        44
        hast       1.00      1.00      1.00        50
         hyr       0.78      0.86      0.82        42
         ist       0.90      0.90      0.90        42
     merhaba       0.85      0.91      0.88        44
          ne       0.97      0.84      0.90        44
           o       0.80      0.86      0.83        42
         oto       0.93      0.93      0.93        45
         sen       0.86      0.78      0.82        41
         tsk       0.80      0.87      0.83        55
         yar       0.83      0.79      0.81        43
         yrd       0.98      0.98      0.98        50
        rest       0.97      0.97      0.97        40

    accuracy                           0.90       944
   macro avg       0.90      0.89      0.89       944
weighted avg       0.90      0.90      0.90       944

Confusion Matrix:
[[40  1  0  0  0  0  0  2  0  0  2  1  0  0  0  0  1  3  0  0  0]
 [ 0 39  0  0  0  0  0  0  0  0  0  0  0  0  0  2  2  1  0  0  0]
 [ 0  0 35  1  0  0  0  0  0  0  0  1  0  0  1  0  0  3  0  0  0]
 [ 0  0  0 43  0  0  0  0  2  0  0  0  0  1  0  0  0  0  0  0  0]
 [ 0  0  0  0 48  0  0  0  0  0  0  0  0  0  0  0  0  0  0  0  0]
 [ 0  0  0  1  0 46  0  0  0  0  0  0  0  0  0  0  0  0  0  0  0]
 [ 0  0  0  0  0  0 40  0  0  0  1  0  1  0  1  0  0  0  0  0  0]
 [ 2  0  0  0  0  0  0 34  0  0  0  0  4  0  1  0  1  0  1  0  0]
 [ 0  0  0  4  0  0  0  0 39  0  1  0  0  0  0  0  0  0  0  0  0]
 [ 0  0  0  0  0  0  0  0  0 50  0  0  0  0  0  0  0  0  0  0  0]
 [ 2  1  0  0  0  0  0  0  0  0 36  0  0  0  2  0  0  1  0  0  0]
 [ 0  1  0  0  0  0  1  0  0  0  1 38  1  0  0  0  0  0  0  0  0]
 [ 0  0  0  0  0  0  0  1  0  0  2  0 40  0  0  0  0  0  1  0  0]
 [ 0  0  0  3  0  1  0  0  2  0  0  0  0 37  0  0  0  0  0  1  0]
 [ 0  0  1  0  0  0  0  0  0  0  2  0  0  0 36  0  0  0  3  0  0]
 [ 0  1  0  0  0  0  0  0  0  0  0  0  0  0  0 42  0  2  0  0  0]
 [ 2  0  3  0  0  0  1  0  0  0  0  0  1  0  0  0 32  0  1  0  1]
 [ 2  0  2  0  0  0  0  0  0  0  0  0  0  0  1  1  1 48  0  0  0]
 [ 1  0  0  0  0  0  0  0  0  0  1  2  0  0  3  0  0  2 34  0  0]
 [ 0  0  0  0  1  0  0  0  0  0  0  0  0  0  0  0  0  0  0 49  0]
 [ 0  0  0  0  0  0  0  0  0  0  0  0  0  0  0  0  0  0  1  0 39]]