Gesture Model Accuracy: 97.81%

Confusion Matrix (Rows=True, Cols=Predicted):
[[ 8  0  0  0  0  0  0  0  0  0  0  0  0  0  0  0  0  0  0  0]
 [ 0  7  0  0  0  0  0  0  0  0  0  0  0  0  0  0  0  0  0  0]
 [ 0  0  4  0  0  0  0  0  0  0  0  0  0  0  1  0  0  0  0  0]
 [ 0  0  0  6  0  0  0  0  0  0  0  0  0  0  0  0  0  0  0  0]
 [ 0  0  0  0  8  0  0  0  0  0  0  0  0  0  0  0  0  0  0  0]
 [ 0  0  0  0  0  7  0  0  0  1  0  0  0  0  0  0  0  0  0  0]
 [ 0  0  0  0  0  0  4  0  0  0  0  0  0  0  1  0  0  0  0  0]
 [ 0  0  0  0  0  0  0  6  0  0  0  0  0  0  0  0  0  0  0  0]
 [ 0  0  0  0  0  0  0  0  6  0  0  0  0  0  0  0  0  0  0  0]
 [ 0  0  0  0  0  0  0  0  0  8  0  0  0  0  0  0  0  0  0  0]
 [ 0  0  0  0  0  0  0  0  0  0  7  0  0  0  0  0  0  0  0  0]
 [ 0  0  0  0  0  0  0  0  0  0  0  6  0  0  0  0  0  0  0  0]
 [ 0  0  0  0  0  0  0  0  0  0  0  0  6  0  0  0  0  0  0  0]
 [ 0  0  0  0  0  0  0  0  0  0  0  0  0  7  0  0  0  0  0  0]
 [ 0  0  0  0  0  0  0  0  0  0  0  0  0  0  7  0  0  0  0  0]
 [ 0  0  0  0  0  0  0  0  0  0  0  0  0  0  0  7  0  0  0  0]
 [ 0  0  0  0  0  0  0  0  0  0  0  0  0  0  0  0  6  0  0  0]
 [ 0  0  0  0  0  0  0  0  0  0  0  0  0  0  0  0  0 10  0  0]
 [ 0  0  0  0  0  0  0  0  0  0  0  0  0  0  0  0  0  0  6  0]
 [ 0  0  0  0  0  0  0  0  0  0  0  0  0  0  0  0  0  0  0  8]]

Classification Report:
              precision    recall  f1-score   support

         bek       1.00      1.00      1.00         8
         ben       1.00      1.00      1.00         7
         bug       1.00      0.80      0.89         5
         cal       1.00      1.00      1.00         6
         dur       1.00      1.00      1.00         8
          ev       1.00      0.88      0.93         8
         evt       1.00      0.80      0.89         5
         git       1.00      1.00      1.00         6
         han       1.00      1.00      1.00         6
        hast       0.89      1.00      0.94         8
         hyr       1.00      1.00      1.00         7
         ist       1.00      1.00      1.00         6
     merhaba       1.00      1.00      1.00         6
          ne       1.00      1.00      1.00         7
           o       0.78      1.00      0.88         7
         oto       1.00      1.00      1.00         7
         sen       1.00      1.00      1.00         6
         tsk       1.00      1.00      1.00        10
         yar       1.00      1.00      1.00         6
         yrd       1.00      1.00      1.00         8

    accuracy                           0.98       137
   macro avg       0.98      0.97      0.98       137
weighted avg       0.98      0.98      0.98       137
