BEST MODEL EVALUATION - 07012026
Best Params: {'bootstrap': False, 'max_depth': 20, 'min_samples_leaf': 1, 'min_samples_split': 2, 'n_estimators': 200}

Accuracy Score: 0.9523

Classification Report:
              precision    recall  f1-score   support

         bek       0.98      0.88      0.93        50
         ben       0.93      0.98      0.96        44
         bug       0.86      0.90      0.88        41
         cal       0.91      0.89      0.90        46
         dur       0.98      1.00      0.99        48
          ev       1.00      0.98      0.99        47
         evt       0.98      0.98      0.98        43
         git       0.94      0.79      0.86        43
         han       0.91      0.95      0.93        44
        hast       1.00      1.00      1.00        50
         hyr       0.98      0.95      0.96        42
         ist       1.00      0.98      0.99        42
     merhaba       0.93      0.95      0.94        44
          ne       0.95      0.95      0.95        44
           o       0.84      0.90      0.87        42
         oto       1.00      0.98      0.99        45
         sen       0.87      0.95      0.91        41
         tsk       0.95      0.98      0.96        55
         yar       1.00      0.98      0.99        43
         yrd       1.00      1.00      1.00        50
        rest       0.98      1.00      0.99        40

    accuracy                           0.95       944
   macro avg       0.95      0.95      0.95       944
weighted avg       0.95      0.95      0.95       944

Confusion Matrix:
[[44  0  1  0  0  0  1  1  0  0  0  0  0  0  0  0  3  0  0  0  0]
 [ 0 43  1  0  0  0  0  0  0  0  0  0  0  0  0  0  0  0  0  0  0]
 [ 0  0 37  1  0  0  0  0  0  0  1  0  0  0  1  0  0  1  0  0  0]
 [ 0  0  0 41  0  0  0  0  4  0  0  0  0  1  0  0  0  0  0  0  0]
 [ 0  0  0  0 48  0  0  0  0  0  0  0  0  0  0  0  0  0  0  0  0]
 [ 0  0  0  0  0 46  0  0  0  0  0  0  0  1  0  0  0  0  0  0  0]
 [ 0  0  0  0  0  0 42  1  0  0  0  0  0  0  0  0  0  0  0  0  0]
 [ 0  0  1  0  0  0  0 34  0  0  0  0  2  0  4  0  2  0  0  0  0]
 [ 0  0  0  1  1  0  0  0 42  0  0  0  0  0  0  0  0  0  0  0  0]
 [ 0  0  0  0  0  0  0  0  0 50  0  0  0  0  0  0  0  0  0  0  0]
 [ 0  0  0  0  0  0  0  0  0  0 40  0  0  0  1  0  1  0  0  0  0]
 [ 0  0  0  0  0  0  0  0  0  0  0 41  0  0  0  0  0  1  0  0  0]
 [ 0  1  0  0  0  0  0  0  0  0  0  0 42  0  1  0  0  0  0  0  0]
 [ 0  0  0  2  0  0  0  0  0  0  0  0  0 42  0  0  0  0  0  0  0]
 [ 1  0  3  0  0  0  0  0  0  0  0  0  0  0 38  0  0  0  0  0  0]
 [ 0  0  0  0  0  0  0  0  0  0  0  0  0  0  0 44  0  1  0  0  0]
 [ 0  0  0  0  0  0  0  0  0  0  0  0  1  0  0  0 39  0  0  0  1]
 [ 0  1  0  0  0  0  0  0  0  0  0  0  0  0  0  0  0 54  0  0  0]
 [ 0  1  0  0  0  0  0  0  0  0  0  0  0  0  0  0  0  0 42  0  0]
 [ 0  0  0  0  0  0  0  0  0  0  0  0  0  0  0  0  0  0  0 50  0]
 [ 0  0  0  0  0  0  0  0  0  0  0  0  0  0  0  0  0  0  0  0 40]]